// 0 1 2 3 4

// 2 3 4 00111  7   4

// 1 3 4 01011  11  2
// 1 2 4 01101  13  1
// 1 2 3 01110  14  5

// 0 3 4 10011  19  2
// 0 2 4 10101  21  1
// 0 2 3 10110  22  3
// 0 1 4 11001  25  1
// 0 1 3 11010  26  2
// 0 1 2 11100  28

// 3 2 1
// 2 1
// 1

======================
======================

// 0 1 2 3 4 5

// 0 1 2
// 0 1 3
// 0 1 4
// 0 1 5
// 0 2 3
// 0 2 4
// 0 2 5
// 0 3 4
// 0 3 5
// 0 4 5

// 1 2 3
// 1 2 4
// 1 2 5
// 1 3 4
// 1 3 5
// 1 4 5

// 2 3 4
// 2 3 5
// 2 4 5

// 3 4 5
